1.000000 0.034894
1.034894 0.030348
1.065242 0.039054
1.065242 0.048654
1.104296 0.030349
1.113896 0.030349
1.134645 0.040955
1.134645 0.045849
1.144245 0.045849
1.144245 0.055449
1.175600 0.030348
1.180494 0.030348
1.190094 0.030348
1.199694 0.030348
1.205948 0.041652
1.205948 0.046546
1.210842 0.051252
1.210842 0.056146
1.220442 0.056146
1.220442 0.061040
1.230042 0.061040
1.230042 0.065934
1.247600 0.030348
1.252494 0.030348
1.262094 0.030348
1.266988 0.030348
1.276588 0.030348
1.277948 0.051158
1.277948 0.056052
1.281482 0.030349
1.282842 0.060758
1.282842 0.065652
1.291082 0.030349
1.292442 0.065652
1.292442 0.070546
1.295976 0.030349
1.297336 0.075252
1.297336 0.080146
1.306936 0.080146
1.306936 0.085040
1.311831 0.089745
1.321431 0.085040
1.326325 0.089746
1.329106 0.030348
1.334000 0.030348
1.343600 0.030348
1.348494 0.030348
1.358094 0.030348
1.359454 0.075628
1.359454 0.080522
1.362988 0.030348
1.364348 0.085228
1.372588 0.030348
1.373948 0.080523
1.377482 0.030349
1.378842 0.085229
1.387082 0.030349
1.388442 0.085229
1.391976 0.030349
1.393336 0.085229
1.401576 0.030349
1.402936 0.080523
1.406471 0.030348
1.407831 0.080522
1.416071 0.030348
1.417431 0.080522
1.422325 0.080522
1.431925 0.080522
1.435082 0.030349
1.439976 0.030349
1.449576 0.030349
1.454471 0.030348
1.464071 0.030348
1.465431 0.070734
1.473671 0.030348
1.478565 0.030348
1.483459 0.030348
1.488353 0.030348
1.497953 0.030348
1.502847 0.030348
1.512447 0.030348
1.536165 0.030348
1.566513 0.041087
1.566513 0.045981
1.607600 0.030348
1.612494 0.030348
1.637948 0.041652
1.637948 0.046546
1.637948 0.056146
1.642842 0.056146
1.679600 0.030348
1.684494 0.030348
1.694094 0.030348
1.698988 0.030348
1.709948 0.041652
1.709948 0.046546
1.709948 0.056146
1.709948 0.061040
1.714842 0.065746
1.724442 0.061040
1.751600 0.030348
1.756494 0.030348
1.766094 0.030348
1.770988 0.030348
1.780588 0.030348
1.781948 0.041652
1.785482 0.030349
1.786842 0.041652
1.796442 0.046358
1.796442 0.051252
1.801336 0.055958
1.810936 0.051252
1.810936 0.060852
1.810936 0.065746
1.810936 0.075346
1.810936 0.080240
1.810936 0.089840
1.810936 0.099440
1.815831 0.099440
1.823600 0.030348
1.828494 0.030348
1.842800 0.030348
1.847694 0.030348
1.853948 0.075628
1.857294 0.030348
1.862188 0.030348
1.871788 0.030348
1.876682 0.030349
1.886282 0.030349
1.891176 0.030349
1.900776 0.030349
1.902136 0.060570
1.902136 0.065464
1.907031 0.070169
1.907031 0.075063
1.910376 0.030349
1.915271 0.030348
1.916631 0.075063
1.921525 0.075063
1.929576 0.030349
1.931125 0.075063
1.940725 0.079769
1.945619 0.079769
1.959925 0.075063
1.962706 0.030348
1.967600 0.030348
1.977200 0.030348
1.982094 0.030348
1.991694 0.030348
1.993054 0.065652
1.996588 0.030348
1.997948 0.070358
2.006188 0.030348
2.007548 0.070358
2.012442 0.075064
2.020494 0.030348
2.022042 0.075064
2.022042 0.079958
2.025388 0.030348
2.026936 0.084664
2.034988 0.030348
2.050842 0.075064
2.055736 0.079770
2.058706 0.030348
2.065336 0.079770
2.068306 0.030348
2.077906 0.030348
2.087506 0.030348
2.089054 0.075064
2.097106 0.030348
2.098654 0.075064
2.102000 0.030348
2.108254 0.079770
2.111600 0.030348
2.117854 0.079770
2.125906 0.030348
2.127454 0.079770
2.132348 0.084476
2.135506 0.030348
2.145106 0.030348
2.156254 0.079581
2.164118 0.030348
2.165854 0.079581
2.173718 0.030348
2.175454 0.079581
2.188024 0.030348
2.197624 0.030348
2.207224 0.030348
2.216824 0.030348
2.235835 0.030349
2.245435 0.030349
2.255035 0.030349
2.285384 0.042216
2.285384 0.047110
2.327600 0.030348
2.332494 0.030348
2.357948 0.041652
2.357948 0.046546
2.357948 0.056146
2.362842 0.056146
2.399600 0.030348
2.404494 0.030348
2.414094 0.030348
2.418988 0.030348
2.429948 0.041652
2.429948 0.046546
2.429948 0.056146
2.434842 0.056146
2.444442 0.056146
2.471600 0.030348
2.476494 0.030348
2.486094 0.030348
2.490988 0.030348
2.500588 0.030348
2.501948 0.041652
2.501948 0.046546
2.506842 0.051252
2.516442 0.051252
2.521336 0.051252
2.530936 0.051252
2.543600 0.030348
2.548494 0.030348
2.558094 0.030348
2.567694 0.030348
2.572588 0.030348
2.573948 0.041652
2.578842 0.041652
2.582188 0.030348
2.588442 0.046358
2.588442 0.051252
2.598042 0.051252
2.602936 0.051252
2.612536 0.055958
2.615600 0.030348
2.620494 0.030348
2.634800 0.030348
2.639694 0.030348
2.645948 0.046264
2.649294 0.030348
2.650842 0.046264
2.654188 0.030348
2.665148 0.046264
2.668494 0.030348
2.670042 0.050970
2.670042 0.055864
2.679642 0.055864
2.684536 0.060570
2.692212 0.030348
2.697106 0.030348
2.698842 0.055864
2.711412 0.030348
2.721012 0.030348
2.722560 0.051158
2.725906 0.030348
2.727454 0.055864
2.735506 0.030348
2.741760 0.055864
2.745106 0.030348
2.751360 0.055864
2.754706 0.030348
2.756254 0.060570
2.765854 0.060570
2.765854 0.065464
2.773718 0.030348
2.775454 0.065464
2.783318 0.030348
2.785054 0.065464
2.797624 0.030348
2.804066 0.065463
2.807224 0.030348
2.813666 0.065463
2.816824 0.030348
2.826424 0.030348
2.827972 0.065463
2.831318 0.030348
2.837572 0.065463
2.840918 0.030348
2.847172 0.065463
2.850518 0.030348
2.856772 0.065463
2.861666 0.070169
2.861666 0.075063
2.869529 0.030349
2.871266 0.075063
2.879129 0.030349
2.880866 0.075063
2.893435 0.030349
2.899878 0.075063
2.903035 0.030349
2.909478 0.075063
2.912635 0.030349
2.922235 0.030349
2.923784 0.070357
2.931835 0.030349
2.933384 0.075063
2.936729 0.030349
2.942984 0.075063
2.946329 0.030349
2.952584 0.075063
2.955929 0.030349
2.962184 0.075063
2.967078 0.079769
2.974941 0.030348
2.976678 0.079769
2.984541 0.030348
2.986278 0.079769
2.994141 0.030348
3.005289 0.075064
3.008447 0.030348
3.014889 0.075064
3.018047 0.030348
3.024489 0.075064
3.027647 0.030348
3.037247 0.030348
3.038795 0.075064
3.046847 0.030348
3.048395 0.075064
3.056447 0.030348
3.057995 0.075064
3.066047 0.030348
3.067595 0.075064
3.077195 0.079770
3.080353 0.030348
3.086795 0.079770
3.089953 0.030348
3.096395 0.079770
3.099553 0.030348
3.110701 0.079770
3.113859 0.030348
3.120301 0.079770
3.123459 0.030348
3.133059 0.030348
3.142659 0.030348
3.156965 0.030348
3.166565 0.030348
3.176165 0.030348
3.190471 0.030348
3.200071 0.030348
3.230419 0.041181
3.230419 0.046075
3.271600 0.030348
3.276494 0.030348
3.301948 0.041652
3.301948 0.046546
3.306842 0.051252
3.306842 0.056146
3.343600 0.030348
3.348494 0.030348
3.358094 0.030348
3.362988 0.030348
3.373948 0.041652
3.373948 0.046546
3.378842 0.051252
3.388442 0.051252
3.393336 0.051252
3.415600 0.030348
3.420494 0.030348
3.430094 0.030348
3.439694 0.030348
3.444588 0.030348
3.445948 0.041652
3.450842 0.041652
3.460442 0.046358
3.460442 0.051252
3.470042 0.051252
3.474936 0.051252
3.487600 0.030348
3.492494 0.030348
3.506800 0.030348
3.511694 0.030348
3.517948 0.041652
3.521294 0.030348
3.522842 0.041652
3.526188 0.030348
3.537148 0.041652
3.542042 0.046358
3.542042 0.051252
3.551642 0.051252
3.556536 0.055958
3.559600 0.030348
3.564494 0.030348
3.578800 0.030348
3.588400 0.030348
3.589948 0.046264
3.593294 0.030348
3.594842 0.046264
3.602894 0.030348
3.609148 0.046264
3.612494 0.030348
3.618748 0.046264
3.623642 0.050970
3.633242 0.050970
3.633242 0.060570
3.636212 0.030348
3.641106 0.030348
3.642842 0.055864
3.655412 0.030348
3.665012 0.030348
3.666560 0.051158
3.671454 0.055864
3.674612 0.030348
3.684212 0.030348
3.685760 0.055864
3.693812 0.030348
3.695360 0.055864
3.698706 0.030348
3.704960 0.055864
3.714560 0.055864
3.717718 0.030348
3.724160 0.060569
3.724160 0.065464
3.727318 0.030348
3.729054 0.070170
3.741624 0.030348
3.748066 0.065463
3.751224 0.030348
3.757666 0.065463
3.760824 0.030348
3.770424 0.030348
3.771972 0.065463
3.781572 0.065463
3.784729 0.030349
3.789624 0.030348
3.791172 0.065463
3.799224 0.030348
3.800772 0.065463
3.813529 0.030349
3.815078 0.065463
3.819972 0.070169
3.823129 0.030349
3.829572 0.070169
3.829572 0.075063
3.837435 0.030349
3.843878 0.075063
3.847035 0.030349
3.853478 0.075063
3.856635 0.030349
3.866235 0.030349
3.867784 0.070357
3.877384 0.075063
3.880541 0.030348
3.886984 0.075063
3.890141 0.030348
3.896584 0.075063
3.899741 0.030348
3.904635 0.030349
3.910889 0.075064
3.918941 0.030348
3.920489 0.075064
3.928541 0.030348
3.930089 0.075064
3.934984 0.079769
3.934984 0.084663
3.938141 0.030348
3.949289 0.079958
3.952447 0.030348
3.958889 0.079958
3.962047 0.030348
3.968489 0.079958
3.971647 0.030348
3.982795 0.079958
3.985953 0.030348
3.992395 0.079958
3.995553 0.030348
4.005153 0.030348
4.014753 0.030348
4.019647 0.030348
4.029247 0.030348
4.038847 0.030348
4.048447 0.030348
4.062753 0.030348
4.072353 0.030348
